[1.034699405459359, 1.4570555653453356, 1.6320012149219267, 1.7662417332715548, 1.8794117252313125, 1.9791164896801727, 2.0692564869013506, 2.1521487692138876, 2.2293030243844942, 2.301767885117289]
[1.4335746930290003, 3.1201960805140674, 3.81881753379891, 4.354888629285451, 4.806817467999135, 5.204974767750624, 5.5649364816324045, 5.895955440237197, 6.20406037456882, 6.493438855484203]
[0.4277544004728967, 2.4215569794013008, 3.247417048287899, 3.881121767438749, 4.415359558329705, 4.886032500671198, 5.31155336669267, 5.702860187676683, 6.067079696102901, 6.409162137258108]
[0.4775170759403601, 2.283890175235012, 3.032114411668778, 3.606247061344357, 4.090263274529663, 4.516690118690179, 4.902209454302068, 5.256731071670993, 5.586711747397197, 5.8966363738243155]
[0.6455841589218844, 1.3558300602627864, 1.6500235452180911, 1.8757661459118786, 2.0660759616036883, 2.23374227506075, 2.3853242091102165, 2.5247181835728276, 2.6544629315142982, 2.7763218629445903]
[0.11847759597980592, 2.0654552849690817, 2.8719198493862654, 3.490741874512267, 4.012432973958357, 4.472052059235271, 4.887579474586733, 5.269696369236689, 5.625362102792725, 5.959410662947633]
[0.5861294686066144, 2.2395751464407585, 2.9244547708468365, 3.449981390170513, 3.8930208242749025, 4.283346401346978, 4.636227696710529, 4.960735538510382, 5.262780073087058, 5.5464665021090465]
[0.8352411553273014, 1.680840153371363, 2.0310987266903138, 2.299861582768952, 2.526439151415425, 2.7260579966595353, 2.906527227543963, 3.0724858130372823, 3.2269562980533264, 3.3720381494594864]
[2.617741908914169, 4.299980783615787, 4.99678694066845, 5.531465110364865, 5.982219658317405, 6.3793423871397374, 6.738368777406897, 7.068527617179795, 7.375831972422732, 7.6644585330190225]
[0.3169294424811441, 2.3318600385277377, 3.1664716186507413, 3.8068916085588858, 4.346790634574331, 4.822451225185497, 5.25248126991727, 5.647934708675576, 6.0160137948203385, 6.361721230620925]
[2.2150058850556857, 3.2379194422018847, 3.6616241107071463, 3.986744137783912, 4.260832999348084, 4.502310133940703, 4.720622151039154, 4.921380769980986, 5.108242336358607, 5.2837465564942825]
[1.2269999153680895, 2.1234310560899075, 2.494744992310469, 2.779664196585204, 3.0198621968117254, 3.2314808831697546, 3.422798799677606, 3.598733781211966, 3.7624900692528485, 3.9162933375335434]
[0.614153272760889, 1.7906379028882031, 2.2779537926104307, 2.651884426465275, 2.967122533015517, 3.24485288020926, 3.4959403067998056, 3.72683902536757, 3.9417543124599725, 4.143607163142831]
[1.8446744640434756, 2.6458078663650655, 2.9776481868767695, 3.2322782205049876, 3.4469412686866554, 3.6360632106802386, 3.807042515631199, 3.964274213573458, 4.110621909710063, 4.248074671008245]
[1.7773340618119424, 3.4172336392565237, 4.096502285163977, 4.61772344925669, 5.057133216701105, 5.444260993251207, 5.794251255956912, 6.116100518850212, 6.415670508516012, 6.697032794145686]
[0.8065826707281832, 2.353513186150159, 2.9942727856867433, 3.485944919217755, 3.9004437015721343, 4.265624459680507, 4.595773101052607, 4.899376110031698, 5.181962900645303, 5.44737421699411]
[0.2657711371107341, 2.388732356398032, 3.268091685818953, 3.9428478314147064, 4.51169357568533, 5.01285673703297, 5.465942868081439, 5.882598566379384, 6.270412234527172, 6.634654794972628]
[1.2890695321679824, 2.1123293664683453, 2.453334755192583, 2.7149973930069464, 2.9355892007687086, 3.129934484808807, 3.3056360519321, 3.4672103181149856, 3.617599978217183, 3.758849035069071]
[2.7729006134315064, 3.8781287149476813, 4.335929184111549, 4.6872118392104145, 4.983356816463856, 5.244265779064712, 5.480145511531102, 5.697059312043354, 5.898957754791592, 6.088584917980031]
[0.45657120728573863, 1.7982904324629363, 2.354048732428052, 2.780497074784592, 3.140009657640134, 3.4567466015003, 3.743098687052277, 4.006426606378876, 4.251526257570366, 4.4817288828173325]
[0.77494281484987, 2.901117459669487, 3.781807833527571, 4.4575853254421585, 5.027292104489105, 5.5292138527030055, 5.982985798701188, 6.400272168933663, 6.788672852205272, 7.153466749308722]
[0.79383784499662, 1.091014452420017, 1.2141090336348128, 1.3085628278748938, 1.3881910598434137, 1.4583449405181041, 1.5217688966753338, 1.5800932437047994, 1.6343802222730057, 1.6853676672668105]
[2.797493433832417, 3.57046532108716, 3.890640760121202, 4.136320015380034, 4.3434372083419035, 4.525911118430326, 4.690880143122665, 4.842584817952725, 4.983788086409986, 5.116409095596646]
[0.6975260882971505, 2.707991081792952, 3.5407529487752494, 4.179753603870511, 4.718456075288754, 5.193062480137436, 5.622139468089765, 6.016716480688132, 6.383979809253349, 6.728921068784555]
[1.5751221474091708, 2.3916745972195033, 2.7299016963199194, 2.9894324775255026, 3.208227047029836, 3.40098893237906, 3.575258997664056, 3.735516862047862, 3.8846812452306683, 4.024779496840169]
[1.5414501722756222, 3.32454385474366, 4.063125441003706, 4.6298590249653495, 5.107637537211698, 5.528568856524579, 5.909119857902565, 6.259072620416422, 6.58480070973179, 6.8907312196797355]
[0.8341056549683208, 1.6783348200133774, 2.028025989925954, 2.29635346205781, 2.522563985058434, 2.721859456596957, 2.9020363353045937, 3.067726075225244, 3.2219463248835876, 3.366793150103491]
[0.48661917711465963, 0.7861322857110877, 0.9101946774002538, 1.0053910987365677, 1.0856453943075157, 1.1563508480885494, 1.220273464450714, 1.2790563768646903, 1.3337701776858482, 1.385158502903944]
[0.5195091716027429, 1.6670243219855923, 2.1423406603027706, 2.5070637145208785, 2.8145394723684416, 3.085431053069688, 3.3303357621538283, 3.5555488851946477, 3.765172149002798, 3.9620546227512907]
[0.9605552485828209, 2.7244492404765484, 3.4550780545073487, 4.015709261708242, 4.488343232370276, 4.904742119560659, 5.28119548908338, 5.627380090214605, 5.949600860431877, 6.252237224264004]
[2.8036908776484295, 4.445540089623771, 5.125616300595535, 5.647457131156644, 6.087389301599112, 6.474977324429753, 6.825383681578671, 7.147615582802553, 7.447541723542642, 7.729238513574453]
[1.7643518260982443, 2.0393694327711382, 2.15328545534644, 2.24069629383169, 2.314387039444032, 2.379309889628135, 2.4380046327282763, 2.4919800195188992, 2.542219084594636, 2.589404646116926]
[1.1743424316752378, 2.3612564138117524, 2.852892282582954, 3.23013775294958, 3.548170395948267, 3.828362779177456, 4.081676056484566, 4.3146216560338155, 4.531442133490671, 4.735084378084782]
[0.9771711577390713, 2.925812727567673, 3.7329664939946787, 4.352317362422985, 4.874454297396275, 5.334466171657728, 5.75034869539514, 6.132792145908056, 6.488761830250286, 6.823095867224876]
[0.9193407230880057, 2.5091201849247704, 3.167628399199759, 3.6729195238187886, 4.098899646761535, 4.474195668988044, 4.813489208144522, 5.125501818546185, 5.415916075311512, 5.6886791085983]
[0.5006360103669373, 1.3317727663602041, 1.6760408828793931, 1.9402070997852516, 2.1629095223534707, 2.3591142953665374, 2.536496969022529, 2.6996171722100937, 2.8514457553918486, 2.994046278346737]
[0.8334188597571359, 2.3894649808917476, 3.0340003879437525, 3.5285698004827593, 3.9455111020263596, 4.312843762739001, 4.644937872773919, 4.950329924826006, 5.234581916130368, 5.5015572231609715]
[1.519284270451544, 2.21460490643569, 2.5026161440582095, 2.72361493952719, 2.9099255424198365, 3.0740684786704815, 3.2224650362401857, 3.358929754716864, 3.485948017664875, 3.6052461784039824]
[0.7631408695629408, 2.3473626536392516, 3.0035688024105607, 3.507093490040522, 3.9315844377155624, 4.305568470193566, 4.643675879951531, 4.954597731799925, 5.243996735258181, 5.515806221791873]
[1.6965690887230447, 2.8980852206139662, 3.395769497853247, 3.777656075271749, 4.099601352504888, 4.383240835693749, 4.639670529578377, 4.875481969938707, 5.094969906983449, 5.30111748439581]
[3.0258231766848485, 3.4066445174221704, 3.5643858815966745, 3.6854250874483894, 3.787465858159492, 3.87736558185611, 3.958641144653856, 4.033381738221993, 4.102948586508501, 4.168287198896814]
[1.3156759932733266, 2.0781144035089003, 2.393926733502657, 2.636258057443383, 2.840552813744474, 3.0205401072169415, 3.1832610586492773, 3.3328984167600986, 3.4721774737319873, 3.602991223980048]
[0.3947792458308681, 1.3421815288378822, 1.7346084034826208, 2.0357281352057646, 2.2895838118448966, 2.5132351526730456, 2.7154314203459142, 2.9013700782022624, 3.0744375611343733, 3.2369860948519102]
[1.5935702049494371, 2.9830758356903173, 3.558627912936972, 4.000264554795681, 4.372581466431198, 4.700599250404767, 4.997149994988693, 5.269856549213753, 5.523685620924507, 5.762087097172078]
[1.7465956299246406, 2.953630527952816, 3.4536007529737125, 3.837241399818159, 4.160665425980992, 4.445607713130168, 4.703215231825995, 4.9401097938834, 5.1606058760227835, 5.367700324009167]
[1.1769060542324747, 1.6501960374765954, 1.8462391674716452, 1.9966683519247144, 2.123486020720716, 2.235214629836065, 2.336225013550971, 2.4291136479143454, 2.5155722807108156, 2.5967760039648367]
[1.260409669630649, 2.9300989206926777, 3.621706853431146, 4.15239628532171, 4.599788171754707, 4.993948336306059, 5.350296363742415, 5.677992194698467, 5.983004037231643, 6.269477422816736]
[1.4606102433244996, 3.2450711793675593, 3.9842191006015835, 4.551387248672996, 5.029532115410619, 5.450786199509686, 5.831629002559243, 6.181850104403972, 6.507827957878668, 6.813993051453679]
[0.8741109390554103, 2.3283856062533155, 2.930765896822307, 3.392988550802502, 3.7826602734512207, 4.12596795286581, 4.436341819546099, 4.72176004644229, 4.987420854589204, 5.2369349406491255]
[1.760238267869389, 3.230577862839801, 3.8396124643707092, 4.306941150738387, 4.700917457810213, 5.048017552232738, 5.361820024157385, 5.650391178972536, 5.918986660872029, 6.171257052780626]
[4.8932249330569215, 4.696336715963415, 4.488170801596162, 4.266533915628268, 4.028413707197803, 3.769473377321252, 3.483056854217721, 3.157959495070018, 2.7723339661612476, 2.269776992472027]
[3.1300716741210812, 3.0684061289848543, 3.003208400153061, 2.9337915523738207, 2.8592121149774075, 2.778111799096094, 2.68840591778978, 2.586585168076404, 2.465806947776346, 2.308405706594706]
[3.1595491318845808, 3.07365012948682, 2.9828308583220426, 2.886134429860066, 2.7822466063179916, 2.6692753155760007, 2.5443166259803505, 2.4024821411890547, 2.234240238644727, 2.014983122473881]
[5.224299757423184, 5.0959781803975455, 4.9603063824153235, 4.81585490048157, 4.660660439794471, 4.4918964986312595, 4.305224992974878, 4.093343314992637, 3.842012500272433, 3.51447180555221]
[3.3250694975301336, 3.2527919204395337, 3.1763743056862404, 3.0950115032385095, 3.0075976804321964, 2.9125408002856847, 2.8073974218030333, 2.6880543255801186, 2.5464913651081367, 2.3620029231665334]
[4.614002716690444, 4.39350719748876, 4.160381761918878, 3.912170157551889, 3.6454988464629503, 3.355511038552282, 3.0347525853449913, 2.670675384309005, 2.2388125614881664, 1.675997973201223]
[8.185508823033308, 7.8659541427293735, 7.528095467396803, 7.168373055946484, 6.781897784839906, 6.361630916903369, 5.896769475090192, 5.369128033648525, 4.743247803604316, 3.927584807451011]
[6.899793823093006, 6.560103395945382, 6.200955604305797, 5.8185664010435865, 5.407738589667697, 4.960989908817291, 4.466836665360527, 3.9059475353573787, 3.2406294042483075, 2.3735699347756727]
[6.53421738777625, 6.264742927768338, 5.979833052539349, 5.676485899288078, 5.350578561962265, 4.996175405705253, 4.604166482875644, 4.159216365496501, 3.6314233228148023, 2.94359003798295]
[3.8568905471519748, 3.7636181223075926, 3.6650030812979995, 3.5600063979293575, 3.447201022510618, 3.3245324707093697, 3.188847542379322, 3.0348382296543734, 2.85215473191039, 2.614076962451051]
[6.590091707004919, 6.2963145100233895, 5.9857098444284675, 5.65500512238591, 5.299705610764364, 4.913340365451191, 4.485977851997226, 4.000899606450658, 3.425507190186684, 2.675641193971063]
[2.2067653103692377, 2.133801600589019, 2.056658551674046, 1.9745233702849403, 1.8862797260628263, 1.7903204687826715, 1.6841789618073686, 1.5637029388470751, 1.4207961179590571, 1.2345563230257184]
[6.961159371789759, 6.631350263682444, 6.282649790036518, 5.911383978583526, 5.512506815063465, 5.078753691030448, 4.598974964672683, 4.054401644586056, 3.40843707834484, 2.5665996656629226]
[6.356593578150953, 6.042084219106604, 5.709559859502939, 5.355516961581616, 4.975143594223603, 4.561512152066101, 4.103990221953741, 3.584679500561025, 2.968681043575477, 2.1658962248008784]
[3.685199544112592, 3.559056740014534, 3.42568851441142, 3.2836896751701983, 3.1311302622848265, 2.9652317652244777, 2.7817297563300754, 2.573445618796904, 2.326382151686289, 2.0044027726456166]
[3.2947363438403015, 3.1643347301979783, 3.0264637517334427, 2.879670774482057, 2.7219606794923084, 2.5504611486852333, 2.3607637795999805, 2.1454475923261374, 1.890042815068714, 1.5571928290019832]
[2.2268345410816206, 2.189297375558279, 2.149610092595021, 2.107354539685506, 2.0619564056058928, 2.012588870226015, 1.9579829390277497, 1.896002422561734, 1.822482079280856, 1.7266685024972201]
[3.9871205766438855, 3.8735720637947564, 3.753519526618013, 3.6256980695207903, 3.4883704226674332, 3.339035486284818, 3.173854599719226, 2.9863658702902343, 2.763969599093089, 2.474137135643695]
[7.007579515645359, 6.737330271484831, 6.451601232702292, 6.147381905638805, 5.820537530197492, 5.465115405578518, 5.071979391517023, 4.625749968115189, 4.096439432141849, 3.406628511549214]
[5.433150835388542, 5.20105695855055, 4.955668814941755, 4.694400949987917, 4.413702373181514, 4.108460820802506, 3.7708300462499293, 3.3876019001057194, 2.9330225182952208, 2.340603133949308]
[8.570066243652327, 8.28701889442161, 7.9877586789976665, 7.669132536757935, 7.326809899123914, 6.954556165190832, 6.542802537487297, 6.075441173221592, 5.521064251308167, 4.798586180552983]
[2.2832801696925356, 2.2268381737336056, 2.1671631973894216, 2.1036264941431906, 2.035364512596631, 1.9611340214669595, 1.879026922940577, 1.7858311791721264, 1.6752838093719709, 1.5312156721475485]
[2.8151042176371615, 2.7558949096789807, 2.6932941105447523, 2.6266422467111092, 2.5550334274523636, 2.4771634667163576, 2.3910307139742555, 2.293265647388143, 2.1772982165547785, 2.02616651826953]
[5.36839893474483, 5.23728394895517, 5.098658736603375, 4.951062716977969, 4.792489856674381, 4.6200521243746895, 4.429317001110264, 4.212822909924182, 3.9560209210119126, 3.621350053265357]
[5.275440258347973, 5.027347815678411, 4.765044713246499, 4.485767277363499, 4.185719742622287, 3.859437449587828, 3.4985332985591713, 3.0888886833200937, 2.6029744887835946, 1.969718781439931]
[5.423849470573585, 5.181912480393619, 4.926117412900293, 4.653769164256921, 4.36116614626457, 4.042979283833956, 3.691029570639238, 3.291548698961189, 2.8176905820153846, 2.2001466608848568]
[6.113408729277836, 5.899670400430111, 5.673689205025285, 5.43308416366167, 5.174585122093182, 4.893484128869154, 4.582555471450053, 4.22963558989087, 3.811007409257611, 3.265440542469995]
[8.28752573385502, 7.953755379450424, 7.60086676052247, 7.2251417777343825, 6.821473810539642, 6.382510997282546, 5.896969780876507, 5.345855740734661, 4.69213267212557, 3.8401841823025884]
[3.5152718998318444, 3.343014532528123, 3.160890315545422, 2.9669803546659823, 2.7586491461682936, 2.5321024275695456, 2.281516806192984, 1.9970893476540104, 1.6597058345340636, 1.2200190798578445]
[7.952993230393151, 7.620913141617901, 7.269811606221152, 6.895989353906615, 6.494365624858291, 6.05762578840551, 5.57454342917145, 5.0262203173059135, 4.375807805249849, 3.5281737167249982]
[6.293199907228305, 5.997195361271157, 5.68423576482781, 5.3510237180798566, 4.993030409896223, 4.603735835001975, 4.173133160411134, 3.684377166746555, 3.1046222617594497, 2.3490709595511117]
[7.3942127455656, 7.057761143405917, 6.702037695665845, 6.323294434731313, 5.9163837174943374, 5.473894623241699, 4.984452951689445, 4.428911696058184, 3.769937131961172, 2.911144759972972]
[3.2070533967571757, 3.141829128768374, 3.0728688345199098, 2.999445935679255, 2.9205625138194193, 2.8347818931286652, 2.739899079240146, 2.632202247055256, 2.5044539073517997, 2.337969029711918]
[7.598422773905911, 7.3572970339064625, 7.102359684757593, 6.830924659700706, 6.539302782504517, 6.222182847249417, 5.871413273016294, 5.473271919239253, 5.001002717996773, 4.385529512126124]
[3.770638813048463, 3.67197622968708, 3.5676622835178, 3.4565979036347754, 3.337273571985497, 3.2075160767975754, 3.063989996344732, 2.9010805761114096, 2.7078399065889176, 2.456003763002384]
[6.052524715374828, 5.821025074570558, 5.576265204655005, 5.315666270661019, 5.035686373775109, 4.731226339339976, 4.394460009705402, 4.012213052624332, 3.558797542315048, 2.9678949448402467]
[6.1569712976702915, 5.862879779133569, 5.551942787740242, 5.220884234210388, 4.865204576354894, 4.478425946592461, 4.05060618440973, 3.56500893823923, 2.9890008913511483, 2.238332589685892]
[6.611217761519647, 6.2853129060557045, 5.9407403194587145, 5.573869521636721, 5.179714232624586, 4.751095841803745, 4.276996695889848, 3.7388699892295745, 3.1005522975084254, 2.2686804857239924]
[4.619978249539031, 4.413486365455964, 4.195166688970934, 3.9627189638534936, 3.7129839050322344, 3.441413176368942, 3.1410260411648, 2.800071324870338, 2.3956360407767034, 1.8685657168736363]
[8.858049380341786, 8.552209247360775, 8.22885068445623, 7.8845667263881625, 7.514678079485273, 7.112448092883385, 6.667537428308977, 6.162541136396353, 5.5635222373308055, 4.782865609257179]
[5.110229927313858, 4.904858686454205, 4.687723843296052, 4.4565376252306095, 4.208157892806607, 3.9380609939652755, 3.6393040768637115, 3.3001997412464537, 2.8979593504893875, 2.3737494672732176]
[3.5581065233850824, 3.4526792360303684, 3.341213105677679, 3.2225337046943086, 3.0950280163917903, 2.9563738248478915, 2.80300701839226, 2.628927872331192, 2.4224378443968613, 2.153334800754152]
[5.049804521720574, 4.854426228078626, 4.647856725119624, 4.427919558600631, 4.191625479190514, 3.934670946546558, 3.6504509338870346, 3.3278467261013738, 2.945178535311737, 2.4464756396954424]
[9.271313130948805, 8.937273198844656, 8.584099560888397, 8.2080711147304, 7.80407711533854, 7.3647597631482355, 6.878826387635106, 6.327267226909087, 5.673016163052202, 4.820379576425555]
[5.401671713899036, 5.135318303770351, 4.8537082512097065, 4.5538744609539155, 4.231741778397872, 3.8814433151347765, 3.4939746348246894, 3.054177924228763, 2.5324977740715364, 1.852630965879028]
[3.3971911379193163, 3.271519838105996, 3.1386501244098373, 2.99718205711085, 2.845192890125486, 2.6799144986094428, 2.4970983947420473, 2.289592794391333, 2.0434528162119943, 1.7226769513780995]
[4.557677882975364, 4.342913933469337, 4.1158483701664155, 3.8740887885654725, 3.614349342626775, 3.331899489854373, 3.019478845218817, 2.6648654820870785, 2.244228519442097, 1.6960437569682978]
[7.014074770290741, 6.679080709196979, 6.324898290032381, 5.947795781743131, 5.542647841311881, 5.102075652854773, 4.6147542902298095, 4.061619693353325, 3.405499871163926, 2.5504278712626403]
[2.7843992699300943, 2.6481608777351444, 2.504118791815308, 2.350755358283779, 2.185986156629187, 2.006810303764121, 1.8086220770549477, 1.5836683333980957, 1.3168316337549313, 0.9690832763747512]
[3.187302972804424, 3.123552166471821, 3.056149733315684, 2.984385508914231, 2.9072841185129947, 2.8234413418077713, 2.7307019967907, 2.625438111078214, 2.5005756953720715, 2.3378518271095796]
